/*--------------------------------*- C++ -*----------------------------------*\
| =========                 |                                                 |
| \\      /  F ield         | OpenFOAM: The Open Source CFD Toolbox           |
|  \\    /   O peration     | Version:  2.4.x                                 |
|   \\  /    A nd           | Web:      www.OpenFOAM.org                      |
|    \\/     M anipulation  |                                                 |
\*---------------------------------------------------------------------------*/
FoamFile
{
    version     2.0;
    format      ascii;
    class       vectorField;
    location    "constant/polyMesh";
    object      points;
}
// * * * * * * * * * * * * * * * * * * * * * * * * * * * * * * * * * * * * * //


970
(
(0 0 0)
(1 0 0)
(1 1 0)
(0 1 0)
(0 0.2 0)
(0.05 0 0)
(0.1 0 0)
(0.15 0 0)
(0.2 0 0)
(0.25 0 0)
(0.3 0 0)
(0.35 0 0)
(0.4 0 0)
(0.45 0 0)
(0.5 0 0)
(0.55 0 0)
(0.6 0 0)
(0.65 0 0)
(0.7 0 0)
(0.75 0 0)
(0.8 0 0)
(0.85 0 0)
(0.9 0 0)
(0.95 0 0)
(0.05 1 0)
(0.1 1 0)
(0.15 1 0)
(0.2 1 0)
(0.25 1 0)
(0.3 1 0)
(0.35 1 0)
(0.4 1 0)
(0.45 1 0)
(0.5 1 0)
(0.55 1 0)
(0.6 1 0)
(0.65 1 0)
(0.7 1 0)
(0.75 1 0)
(0.8 1 0)
(0.85 1 0)
(0.9 1 0)
(0.95 1 0)
(0 0.05 0)
(0 0.1 0)
(0 0.15 0)
(0 0.25 0)
(0 0.3 0)
(0 0.35 0)
(0 0.4 0)
(0 0.45 0)
(0 0.5 0)
(0 0.55 0)
(0 0.6 0)
(0 0.65 0)
(0 0.7 0)
(0 0.75 0)
(0 0.8 0)
(0 0.85 0)
(0 0.9 0)
(0 0.95 0)
(1 0.05 0)
(1 0.1 0)
(1 0.15 0)
(1 0.25 0)
(1 0.3 0)
(1 0.35 0)
(1 0.4 0)
(1 0.45 0)
(1 0.5 0)
(1 0.55 0)
(1 0.6 0)
(1 0.65 0)
(1 0.7 0)
(1 0.75 0)
(1 0.8 0)
(1 0.85 0)
(1 0.9 0)
(1 0.95 0)
(1 0.2 0)
(0.05 0.2 0)
(0.1 0.2 0)
(0.15 0.2 0)
(0.2 0.2 0)
(0.25 0.2 0)
(0.3 0.2 0)
(0.35 0.2 0)
(0.4 0.2 0)
(0.45 0.2 0)
(0.5 0.2 0)
(0.55 0.2 0)
(0.6 0.2 0)
(0.65 0.2 0)
(0.7 0.2 0)
(0.75 0.2 0)
(0.8 0.2 0)
(0.85 0.2 0)
(0.9 0.2 0)
(0.95 0.2 0)
(0.2332653501 0.4497547635 0)
(0.2403924509 0.4982913163 0)
(0.2710794071 0.4612635466 0)
(0.9570733283 0.2429266717 0)
(0.9561742956 0.957899856 0)
(0.9518634804 0.8731640326 0)
(0.9362904576 0.9189285662 0)
(0.8722286666 0.2533377089 0)
(0.8403439721 0.7659948177 0)
(0.8879452609 0.8031370664 0)
(0.8907698306 0.7568484094 0)
(0.8946131112 0.9519508964 0)
(0.1217484371 0.9042619931 0)
(0.1334908225 0.9577152427 0)
(0.1774997423 0.9318509953 0)
(0.09575687183 0.9324516729 0)
(0.05085668162 0.9451185187 0)
(0.08687454766 0.9637939458 0)
(0.06461723717 0.8971912643 0)
(0.1559304384 0.8775235565 0)
(0.1108731146 0.7979347683 0)
(0.1022919989 0.8554964339 0)
(0.1448737151 0.8252900433 0)
(0.2780942042 0.9489697716 0)
(0.9520190409 0.7127333442 0)
(0.9460229551 0.7707326705 0)
(0.906859917 0.8916701888 0)
(0.4262127549 0.7775211061 0)
(0.3793665924 0.7886748178 0)
(0.4103598597 0.821463401 0)
(0.05844020389 0.3384729722 0)
(0.03967690713 0.296927999 0)
(0.08303258109 0.3862472409 0)
(0.03452927458 0.3741843455 0)
(0.04521472508 0.4154529992 0)
(0.05648134582 0.2564813458 0)
(0.08846738396 0.2367765476 0)
(0.1267519999 0.2463556838 0)
(0.05071435295 0.4703718502 0)
(0.7775065452 0.2470363658 0)
(0.825 0.2330742929 0)
(0.8431969874 0.3861915408 0)
(0.8125980807 0.3417487338 0)
(0.8008017816 0.385235298 0)
(0.7271622747 0.2502172218 0)
(0.9585505405 0.3003229986 0)
(0.9368179476 0.3473188416 0)
(0.9641270841 0.4226230514 0)
(0.9211580494 0.4013264066 0)
(0.9340820057 0.457306005 0)
(0.330250423 0.947534817 0)
(0.3745893257 0.9563625246 0)
(0.239493682 0.8075350395 0)
(0.2933219287 0.8486338177 0)
(0.2972506521 0.8049768315 0)
(0.6378233526 0.2457170887 0)
(0.5892193413 0.2358788125 0)
(0.9598443492 0.3821422612 0)
(0.8482129408 0.9279476032 0)
(0.7853931778 0.9077003456 0)
(0.8064715634 0.9564148738 0)
(0.9035973769 0.7170438983 0)
(0.9269782031 0.6581364448 0)
(0.8784730993 0.6819133522 0)
(0.5592495648 0.2533533917 0)
(0.9591168551 0.6172138283 0)
(0.9662637393 0.673927936 0)
(0.767992011 0.9608611435 0)
(0.7573633906 0.6096452928 0)
(0.8128842691 0.5756736437 0)
(0.7589419512 0.5536013627 0)
(0.5790223341 0.2920204861 0)
(0.6315778531 0.3046876377 0)
(0.6008792513 0.2693920591 0)
(0.9432568154 0.5405557142 0)
(0.9160053958 0.5870239335 0)
(0.9608918064 0.5748410765 0)
(0.5378572212 0.2964369245 0)
(0.519463803 0.2384220682 0)
(0.9606275237 0.498683649 0)
(0.629818694 0.854904675 0)
(0.5847136285 0.8673822784 0)
(0.6059878879 0.9020110637 0)
(0.6318641193 0.9635227819 0)
(0.5924822209 0.9499215927 0)
(0.5553195386 0.9089758753 0)
(0.4958690345 0.9327596457 0)
(0.5350687411 0.9542175635 0)
(0.4571659883 0.2908659254 0)
(0.47134328 0.2387681257 0)
(0.4274062074 0.2497304454 0)
(0.636693897 0.8116090471 0)
(0.6773439405 0.8321345076 0)
(0.4947663398 0.4134453743 0)
(0.4952380056 0.3638991881 0)
(0.4587463127 0.3876423623 0)
(0.4590000013 0.813868005 0)
(0.4704663547 0.7779497903 0)
(0.2683045262 0.2448863936 0)
(0.1057295059 0.7172492128 0)
(0.1590141214 0.7339504827 0)
(0.151802565 0.6839071339 0)
(0.2550709661 0.3054924597 0)
(0.2211147906 0.2559757068 0)
(0.3093615883 0.2682837746 0)
(0.305856006 0.3207897907 0)
(0.3536150026 0.3038601116 0)
(0.06143604173 0.7437501497 0)
(0.03427567462 0.7778942563 0)
(0.3698109483 0.9123894211 0)
(0.03380335796 0.8143280836 0)
(0.06719939508 0.803006891 0)
(0.4541545587 0.9090395933 0)
(0.5047598481 0.8849120036 0)
(0.1202246005 0.6282706011 0)
(0.05774440763 0.6366942247 0)
(0.09148769737 0.6718998527 0)
(0.205160619 0.3179621314 0)
(0.1679366795 0.283383783 0)
(0.0497521573 0.5537018323 0)
(0.06935635241 0.512973025 0)
(0.03436887359 0.5180622061 0)
(0.175 0.2382433222 0)
(0.6896904376 0.9164066464 0)
(0.697991106 0.8746327888 0)
(0.6591365354 0.888372876 0)
(0.1007599319 0.4923573351 0)
(0.4866330147 0.5816383184 0)
(0.5422512895 0.5681972682 0)
(0.5192987358 0.5343835145 0)
(0.3355192102 0.6194144241 0)
(0.3537232824 0.5769899977 0)
(0.2991141482 0.5881630402 0)
(0.4510639634 0.9567594283 0)
(0.5413868248 0.4015914782 0)
(0.584849813 0.4202972583 0)
(0.5948258994 0.3777671872 0)
(0.2074653169 0.7123472478 0)
(0.2646573366 0.7304652083 0)
(0.2731554933 0.6836893732 0)
(0.2281144433 0.9548962992 0)
(0.2193146114 0.6128657707 0)
(0.1879704334 0.5707895999 0)
(0.1732604668 0.6261036238 0)
(0.04798879682 0.6892926429 0)
(0.9687653293 0.825 0)
(0.7169565454 0.7575644775 0)
(0.6809967315 0.7111982366 0)
(0.6573452793 0.7462696444 0)
(0.7117200903 0.5165093774 0)
(0.7611202398 0.5025531618 0)
(0.7169173647 0.4654394345 0)
(0.6765672597 0.954849865 0)
(0.5164390981 0.7474225278 0)
(0.5611135215 0.7051786553 0)
(0.5124364923 0.7005758171 0)
(0.4527261051 0.5010019425 0)
(0.4051140141 0.5451789575 0)
(0.4492600935 0.5520182108 0)
(0.347280475 0.7486203647 0)
(0.367278297 0.7006430576 0)
(0.3172641504 0.7193596896 0)
(0.8985646827 0.5198167463 0)
(0.8532843844 0.5055992485 0)
(0.8553157991 0.5417890799 0)
(0.8803768582 0.4789568506 0)
(0.6429392782 0.4227320666 0)
(0.6621114037 0.4835399751 0)
(0.6788790008 0.4465817279 0)
(0.6811524365 0.3735223837 0)
(0.745389148 0.3683410647 0)
(0.6923713736 0.3276182033 0)
(0.1200840879 0.3485533993 0)
(0.2316669136 0.3613061068 0)
(0.2692391227 0.4081030986 0)
(0.2829686874 0.3592248693 0)
(0.3048275447 0.4912002818 0)
(0.3019934637 0.4353145368 0)
(0.3490511248 0.24434749 0)
(0.4074959109 0.8725170545 0)
(0.3531780168 0.8715789364 0)
(0.5383373576 0.8469457316 0)
(0.8092101854 0.7173612645 0)
(0.8556659607 0.7191994404 0)
(0.8829113724 0.6352929898 0)
(0.8724241894 0.5829461271 0)
(0.5722941282 0.6567045356 0)
(0.6041955226 0.6159534279 0)
(0.5608367675 0.6170504074 0)
(0.7929361448 0.6569007417 0)
(0.7640500161 0.6950672211 0)
(0.7267352881 0.9422171849 0)
(0.7622523969 0.8484686006 0)
(0.7315926328 0.8028920471 0)
(0.7202508969 0.8447838973 0)
(0.7002561648 0.6226912517 0)
(0.6481063203 0.6371674002 0)
(0.6685857334 0.670403203 0)
(0.665364649 0.5373602962 0)
(0.8861449643 0.3688166968 0)
(0.8761817556 0.4313200343 0)
(0.9243275527 0.8330422977 0)
(0.8683705238 0.8646733769 0)
(0.7349495614 0.8881013671 0)
(0.6019628079 0.7462816144 0)
(0.6294289364 0.776128047 0)
(0.5299911465 0.6616325514 0)
(0.1230790023 0.7572445149 0)
(0.1539836608 0.4256000166 0)
(0.1926051566 0.4589010061 0)
(0.2138703293 0.4122033977 0)
(0.03576554501 0.5964628647 0)
(0.3286711638 0.6741337169 0)
(0.2936683748 0.6414888203 0)
(0.420748845 0.7197243307 0)
(0.4028113745 0.6759140997 0)
(0.7600383221 0.4588013731 0)
(0.8182831042 0.4724104932 0)
(0.7785714286 0.4214285714 0)
(0.4380451241 0.443849014 0)
(0.4153018552 0.4866159677 0)
(0.3839006992 0.5043860969 0)
(0.3417727014 0.5325951154 0)
(0.4111444105 0.9294331095 0)
(0.3334731983 0.7868294245 0)
(0.3062925574 0.7606407031 0)
(0.1006883344 0.4413295676 0)
(0.1425368235 0.4795771792 0)
(0.1270576708 0.3905092194 0)
(0.3834257633 0.2707034855 0)
(0.4131932324 0.3008088542 0)
(0.4961153153 0.3141452541 0)
(0.5437824056 0.352649582 0)
(0.6861260874 0.241031056 0)
(0.706498501 0.2839107267 0)
(0.8474453086 0.2986160861 0)
(0.8628745195 0.3361476593 0)
(0.6124114823 0.6676584041 0)
(0.6255825737 0.707774798 0)
(0.5634077557 0.75535113 0)
(0.4955033341 0.2707487096 0)
(0.537797449 0.4490223091 0)
(0.4815291565 0.4633910922 0)
(0.5885635946 0.5661301704 0)
(0.5586103958 0.5112593156 0)
(0.7981218482 0.8144055779 0)
(0.8424984928 0.8159942651 0)
(0.1925945575 0.8362745085 0)
(0.1932499554 0.7736983588 0)
(0.1552691392 0.7835371091 0)
(0.0481616499 0.8504689824 0)
(0.61837377 0.5303268654 0)
(0.6519637017 0.5859356839 0)
(0.7505249574 0.6535457327 0)
(0.1420795197 0.5348914938 0)
(0.1390325284 0.5831483113 0)
(0.3883844439 0.452450254 0)
(0.3549700302 0.4871004991 0)
(0.3429389253 0.3527194165 0)
(0.3181830875 0.3936118534 0)
(0.2671034412 0.776108982 0)
(0.3921458532 0.6048593103 0)
(0.2791415083 0.5420416783 0)
(0.5475096165 0.792318177 0)
(0.590478239 0.8101195597 0)
(0.7898349328 0.3027713201 0)
(0.6779936473 0.7842367964 0)
(0.230949199 0.7567026245 0)
(0.2017730101 0.8889180315 0)
(0.3137377866 0.8998558609 0)
(0.4833959934 0.6594161019 0)
(0.4705551808 0.7033186538 0)
(0.4584470234 0.8601975677 0)
(0.4351624501 0.6352232029 0)
(0.2371986341 0.6554459396 0)
(0.2637134332 0.6153739966 0)
(0.2234695078 0.5403707337 0)
(0.1863732177 0.5090869174 0)
(0.8475325175 0.6167493394 0)
(0.8106465308 0.6194475184 0)
(0.3731246423 0.6490552737 0)
(0.3891965974 0.749073724 0)
(0.715466728 0.6743114813 0)
(0.7288454121 0.7196764869 0)
(0.6983934603 0.411317896 0)
(0.7394650535 0.4170224723 0)
(0.641037555 0.353245475 0)
(0.6046510927 0.4740502078 0)
(0.0954692746 0.5452079209 0)
(0.4163192149 0.3996468688 0)
(0.4497729468 0.3423842337 0)
(0.3668256103 0.3974944257 0)
(0.3418851546 0.440001902 0)
(0.6393234973 0.9261268192 0)
(0.4358414711 0.587942093 0)
(0.5091117716 0.4953154356 0)
(0.157257863 0.3252000452 0)
(0.09725905296 0.296154449 0)
(0.9034086667 0.3096177761 0)
(0.6729647214 0.2780909651 0)
(0.3851403677 0.2354489029 0)
(0.3971044461 0.3470977967 0)
(0.4954782217 0.8370113658 0)
(0.3580132149 0.8258178605 0)
(0.8153884853 0.8583917944 0)
(0.1725980392 0.3725980392 0)
(0.5879639172 0.3280366017 0)
(0.2403895227 0.8633431907 0)
(0.2688266354 0.8995043322 0)
(0.7628472048 0.7351661012 0)
(0.8330494292 0.8922002218 0)
(0.777686897 0.7700717205 0)
(0.814724659 0.5239160479 0)
(0.8221417379 0.4242797009 0)
(0.9149977887 0.2359536408 0)
(0.839213227 0.6604224939 0)
(0.4572421413 0.7426409305 0)
(0.245741845 0.5736370784 0)
(0.1953440395 0.6629192974 0)
(0.5053166905 0.7968804233 0)
(0.5186933539 0.6204523902 0)
(0.7428430378 0.3002154622 0)
(0.4815575861 0.5290720018 0)
(0.08137151691 0.5906161293 0)
(0.2297535738 0.9157992129 0)
(0.7098624923 0.5678094754 0)
(0.8207096026 0.2701749981 0)
(0.9240826451 0.2717163114 0)
(0.438330512 0.6787085335 0)
(0.05 0.05 0)
(0.1 0.05 0)
(0.15 0.05 0)
(0.2 0.05 0)
(0.25 0.05 0)
(0.3 0.05 0)
(0.35 0.05 0)
(0.4 0.05 0)
(0.45 0.05 0)
(0.5 0.05 0)
(0.55 0.05 0)
(0.6 0.05 0)
(0.65 0.05 0)
(0.7 0.05 0)
(0.75 0.05 0)
(0.8 0.05 0)
(0.85 0.05 0)
(0.9 0.05 0)
(0.95 0.05 0)
(0.05 0.1 0)
(0.1 0.1 0)
(0.15 0.1 0)
(0.2 0.1 0)
(0.25 0.1 0)
(0.3 0.1 0)
(0.35 0.1 0)
(0.4 0.1 0)
(0.45 0.1 0)
(0.5 0.1 0)
(0.55 0.1 0)
(0.6 0.1 0)
(0.65 0.1 0)
(0.7 0.1 0)
(0.75 0.1 0)
(0.8 0.1 0)
(0.85 0.1 0)
(0.9 0.1 0)
(0.95 0.1 0)
(0.05 0.15 0)
(0.1 0.15 0)
(0.15 0.15 0)
(0.2 0.15 0)
(0.25 0.15 0)
(0.3 0.15 0)
(0.35 0.15 0)
(0.4 0.15 0)
(0.45 0.15 0)
(0.5 0.15 0)
(0.55 0.15 0)
(0.6 0.15 0)
(0.65 0.15 0)
(0.7 0.15 0)
(0.75 0.15 0)
(0.8 0.15 0)
(0.85 0.15 0)
(0.9 0.15 0)
(0.95 0.15 0)
(0.05 0 0.1)
(0.1 0 0.1)
(0.15 0 0.1)
(0.2 0 0.1)
(0.25 0 0.1)
(0.3 0 0.1)
(0.35 0 0.1)
(0.4 0 0.1)
(0.45 0 0.1)
(0.5 0 0.1)
(0.55 0 0.1)
(0.6 0 0.1)
(0.65 0 0.1)
(0.7 0 0.1)
(0.75 0 0.1)
(0.8 0 0.1)
(0.85 0 0.1)
(0.9 0 0.1)
(0.95 0 0.1)
(0 0 0.1)
(1 0 0.1)
(1 0.05 0.1)
(1 0.1 0.1)
(1 0.15 0.1)
(1 0.2 0.1)
(0.05 0.2 0.1)
(0.1 0.2 0.1)
(0.15 0.2 0.1)
(0.2 0.2 0.1)
(0.25 0.2 0.1)
(0.3 0.2 0.1)
(0.35 0.2 0.1)
(0.4 0.2 0.1)
(0.45 0.2 0.1)
(0.5 0.2 0.1)
(0.55 0.2 0.1)
(0.6 0.2 0.1)
(0.65 0.2 0.1)
(0.7 0.2 0.1)
(0.75 0.2 0.1)
(0.8 0.2 0.1)
(0.85 0.2 0.1)
(0.9 0.2 0.1)
(0.95 0.2 0.1)
(0 0.2 0.1)
(0 0.05 0.1)
(0 0.1 0.1)
(0 0.15 0.1)
(0.05 0.05 0.1)
(0.1 0.05 0.1)
(0.15 0.05 0.1)
(0.2 0.05 0.1)
(0.25 0.05 0.1)
(0.3 0.05 0.1)
(0.35 0.05 0.1)
(0.4 0.05 0.1)
(0.45 0.05 0.1)
(0.5 0.05 0.1)
(0.55 0.05 0.1)
(0.6 0.05 0.1)
(0.65 0.05 0.1)
(0.7 0.05 0.1)
(0.75 0.05 0.1)
(0.8 0.05 0.1)
(0.85 0.05 0.1)
(0.9 0.05 0.1)
(0.95 0.05 0.1)
(0.05 0.1 0.1)
(0.1 0.1 0.1)
(0.15 0.1 0.1)
(0.2 0.1 0.1)
(0.25 0.1 0.1)
(0.3 0.1 0.1)
(0.35 0.1 0.1)
(0.4 0.1 0.1)
(0.45 0.1 0.1)
(0.5 0.1 0.1)
(0.55 0.1 0.1)
(0.6 0.1 0.1)
(0.65 0.1 0.1)
(0.7 0.1 0.1)
(0.75 0.1 0.1)
(0.8 0.1 0.1)
(0.85 0.1 0.1)
(0.9 0.1 0.1)
(0.95 0.1 0.1)
(0.05 0.15 0.1)
(0.1 0.15 0.1)
(0.15 0.15 0.1)
(0.2 0.15 0.1)
(0.25 0.15 0.1)
(0.3 0.15 0.1)
(0.35 0.15 0.1)
(0.4 0.15 0.1)
(0.45 0.15 0.1)
(0.5 0.15 0.1)
(0.55 0.15 0.1)
(0.6 0.15 0.1)
(0.65 0.15 0.1)
(0.7 0.15 0.1)
(0.75 0.15 0.1)
(0.8 0.15 0.1)
(0.85 0.15 0.1)
(0.9 0.15 0.1)
(0.95 0.15 0.1)
(0 1 0.1)
(0.05 1 0.1)
(0.1 1 0.1)
(0.15 1 0.1)
(0.2 1 0.1)
(0.25 1 0.1)
(0.3 1 0.1)
(0.35 1 0.1)
(0.4 1 0.1)
(0.45 1 0.1)
(0.5 1 0.1)
(0.55 1 0.1)
(0.6 1 0.1)
(0.65 1 0.1)
(0.7 1 0.1)
(0.75 1 0.1)
(0.8 1 0.1)
(0.85 1 0.1)
(0.9 1 0.1)
(0.95 1 0.1)
(1 1 0.1)
(1 0.95 0.1)
(1 0.9 0.1)
(1 0.85 0.1)
(1 0.8 0.1)
(1 0.75 0.1)
(1 0.7 0.1)
(1 0.65 0.1)
(1 0.6 0.1)
(1 0.55 0.1)
(1 0.5 0.1)
(1 0.45 0.1)
(1 0.4 0.1)
(1 0.35 0.1)
(1 0.3 0.1)
(1 0.25 0.1)
(0 0.25 0.1)
(0 0.3 0.1)
(0 0.35 0.1)
(0 0.4 0.1)
(0 0.45 0.1)
(0 0.5 0.1)
(0 0.55 0.1)
(0 0.6 0.1)
(0 0.65 0.1)
(0 0.7 0.1)
(0 0.75 0.1)
(0 0.8 0.1)
(0 0.85 0.1)
(0 0.9 0.1)
(0 0.95 0.1)
(0.2332653501 0.4497547635 0.1)
(0.2403924509 0.4982913163 0.1)
(0.2710794071 0.4612635466 0.1)
(0.9570733283 0.2429266717 0.1)
(0.9561742956 0.957899856 0.1)
(0.9518634804 0.8731640326 0.1)
(0.9362904576 0.9189285662 0.1)
(0.8722286666 0.2533377089 0.1)
(0.8403439721 0.7659948177 0.1)
(0.8879452609 0.8031370664 0.1)
(0.8907698306 0.7568484094 0.1)
(0.8946131112 0.9519508964 0.1)
(0.1217484371 0.9042619931 0.1)
(0.1334908225 0.9577152427 0.1)
(0.1774997423 0.9318509953 0.1)
(0.09575687183 0.9324516729 0.1)
(0.05085668162 0.9451185187 0.1)
(0.08687454766 0.9637939458 0.1)
(0.06461723717 0.8971912643 0.1)
(0.1559304384 0.8775235565 0.1)
(0.1108731146 0.7979347683 0.1)
(0.1022919989 0.8554964339 0.1)
(0.1448737151 0.8252900433 0.1)
(0.2780942042 0.9489697716 0.1)
(0.9520190409 0.7127333442 0.1)
(0.9460229551 0.7707326705 0.1)
(0.906859917 0.8916701888 0.1)
(0.4262127549 0.7775211061 0.1)
(0.3793665924 0.7886748178 0.1)
(0.4103598597 0.821463401 0.1)
(0.05844020389 0.3384729722 0.1)
(0.03967690713 0.296927999 0.1)
(0.08303258109 0.3862472409 0.1)
(0.03452927458 0.3741843455 0.1)
(0.04521472508 0.4154529992 0.1)
(0.05648134582 0.2564813458 0.1)
(0.08846738396 0.2367765476 0.1)
(0.1267519999 0.2463556838 0.1)
(0.05071435295 0.4703718502 0.1)
(0.7775065452 0.2470363658 0.1)
(0.825 0.2330742929 0.1)
(0.8431969874 0.3861915408 0.1)
(0.8125980807 0.3417487338 0.1)
(0.8008017816 0.385235298 0.1)
(0.7271622747 0.2502172218 0.1)
(0.9585505405 0.3003229986 0.1)
(0.9368179476 0.3473188416 0.1)
(0.9641270841 0.4226230514 0.1)
(0.9211580494 0.4013264066 0.1)
(0.9340820057 0.457306005 0.1)
(0.330250423 0.947534817 0.1)
(0.3745893257 0.9563625246 0.1)
(0.239493682 0.8075350395 0.1)
(0.2933219287 0.8486338177 0.1)
(0.2972506521 0.8049768315 0.1)
(0.6378233526 0.2457170887 0.1)
(0.5892193413 0.2358788125 0.1)
(0.9598443492 0.3821422612 0.1)
(0.8482129408 0.9279476032 0.1)
(0.7853931778 0.9077003456 0.1)
(0.8064715634 0.9564148738 0.1)
(0.9035973769 0.7170438983 0.1)
(0.9269782031 0.6581364448 0.1)
(0.8784730993 0.6819133522 0.1)
(0.5592495648 0.2533533917 0.1)
(0.9591168551 0.6172138283 0.1)
(0.9662637393 0.673927936 0.1)
(0.767992011 0.9608611435 0.1)
(0.7573633906 0.6096452928 0.1)
(0.8128842691 0.5756736437 0.1)
(0.7589419512 0.5536013627 0.1)
(0.5790223341 0.2920204861 0.1)
(0.6315778531 0.3046876377 0.1)
(0.6008792513 0.2693920591 0.1)
(0.9432568154 0.5405557142 0.1)
(0.9160053958 0.5870239335 0.1)
(0.9608918064 0.5748410765 0.1)
(0.5378572212 0.2964369245 0.1)
(0.519463803 0.2384220682 0.1)
(0.9606275237 0.498683649 0.1)
(0.629818694 0.854904675 0.1)
(0.5847136285 0.8673822784 0.1)
(0.6059878879 0.9020110637 0.1)
(0.6318641193 0.9635227819 0.1)
(0.5924822209 0.9499215927 0.1)
(0.5553195386 0.9089758753 0.1)
(0.4958690345 0.9327596457 0.1)
(0.5350687411 0.9542175635 0.1)
(0.4571659883 0.2908659254 0.1)
(0.47134328 0.2387681257 0.1)
(0.4274062074 0.2497304454 0.1)
(0.636693897 0.8116090471 0.1)
(0.6773439405 0.8321345076 0.1)
(0.4947663398 0.4134453743 0.1)
(0.4952380056 0.3638991881 0.1)
(0.4587463127 0.3876423623 0.1)
(0.4590000013 0.813868005 0.1)
(0.4704663547 0.7779497903 0.1)
(0.2683045262 0.2448863936 0.1)
(0.1057295059 0.7172492128 0.1)
(0.1590141214 0.7339504827 0.1)
(0.151802565 0.6839071339 0.1)
(0.2550709661 0.3054924597 0.1)
(0.2211147906 0.2559757068 0.1)
(0.3093615883 0.2682837746 0.1)
(0.305856006 0.3207897907 0.1)
(0.3536150026 0.3038601116 0.1)
(0.06143604173 0.7437501497 0.1)
(0.03427567462 0.7778942563 0.1)
(0.3698109483 0.9123894211 0.1)
(0.03380335796 0.8143280836 0.1)
(0.06719939508 0.803006891 0.1)
(0.4541545587 0.9090395933 0.1)
(0.5047598481 0.8849120036 0.1)
(0.1202246005 0.6282706011 0.1)
(0.05774440763 0.6366942247 0.1)
(0.09148769737 0.6718998527 0.1)
(0.205160619 0.3179621314 0.1)
(0.1679366795 0.283383783 0.1)
(0.0497521573 0.5537018323 0.1)
(0.06935635241 0.512973025 0.1)
(0.03436887359 0.5180622061 0.1)
(0.175 0.2382433222 0.1)
(0.6896904376 0.9164066464 0.1)
(0.697991106 0.8746327888 0.1)
(0.6591365354 0.888372876 0.1)
(0.1007599319 0.4923573351 0.1)
(0.4866330147 0.5816383184 0.1)
(0.5422512895 0.5681972682 0.1)
(0.5192987358 0.5343835145 0.1)
(0.3355192102 0.6194144241 0.1)
(0.3537232824 0.5769899977 0.1)
(0.2991141482 0.5881630402 0.1)
(0.4510639634 0.9567594283 0.1)
(0.5413868248 0.4015914782 0.1)
(0.584849813 0.4202972583 0.1)
(0.5948258994 0.3777671872 0.1)
(0.2074653169 0.7123472478 0.1)
(0.2646573366 0.7304652083 0.1)
(0.2731554933 0.6836893732 0.1)
(0.2281144433 0.9548962992 0.1)
(0.2193146114 0.6128657707 0.1)
(0.1879704334 0.5707895999 0.1)
(0.1732604668 0.6261036238 0.1)
(0.04798879682 0.6892926429 0.1)
(0.9687653293 0.825 0.1)
(0.7169565454 0.7575644775 0.1)
(0.6809967315 0.7111982366 0.1)
(0.6573452793 0.7462696444 0.1)
(0.7117200903 0.5165093774 0.1)
(0.7611202398 0.5025531618 0.1)
(0.7169173647 0.4654394345 0.1)
(0.6765672597 0.954849865 0.1)
(0.5164390981 0.7474225278 0.1)
(0.5611135215 0.7051786553 0.1)
(0.5124364923 0.7005758171 0.1)
(0.4527261051 0.5010019425 0.1)
(0.4051140141 0.5451789575 0.1)
(0.4492600935 0.5520182108 0.1)
(0.347280475 0.7486203647 0.1)
(0.367278297 0.7006430576 0.1)
(0.3172641504 0.7193596896 0.1)
(0.8985646827 0.5198167463 0.1)
(0.8532843844 0.5055992485 0.1)
(0.8553157991 0.5417890799 0.1)
(0.8803768582 0.4789568506 0.1)
(0.6429392782 0.4227320666 0.1)
(0.6621114037 0.4835399751 0.1)
(0.6788790008 0.4465817279 0.1)
(0.6811524365 0.3735223837 0.1)
(0.745389148 0.3683410647 0.1)
(0.6923713736 0.3276182033 0.1)
(0.1200840879 0.3485533993 0.1)
(0.2316669136 0.3613061068 0.1)
(0.2692391227 0.4081030986 0.1)
(0.2829686874 0.3592248693 0.1)
(0.3048275447 0.4912002818 0.1)
(0.3019934637 0.4353145368 0.1)
(0.3490511248 0.24434749 0.1)
(0.4074959109 0.8725170545 0.1)
(0.3531780168 0.8715789364 0.1)
(0.5383373576 0.8469457316 0.1)
(0.8092101854 0.7173612645 0.1)
(0.8556659607 0.7191994404 0.1)
(0.8829113724 0.6352929898 0.1)
(0.8724241894 0.5829461271 0.1)
(0.5722941282 0.6567045356 0.1)
(0.6041955226 0.6159534279 0.1)
(0.5608367675 0.6170504074 0.1)
(0.7929361448 0.6569007417 0.1)
(0.7640500161 0.6950672211 0.1)
(0.7267352881 0.9422171849 0.1)
(0.7622523969 0.8484686006 0.1)
(0.7315926328 0.8028920471 0.1)
(0.7202508969 0.8447838973 0.1)
(0.7002561648 0.6226912517 0.1)
(0.6481063203 0.6371674002 0.1)
(0.6685857334 0.670403203 0.1)
(0.665364649 0.5373602962 0.1)
(0.8861449643 0.3688166968 0.1)
(0.8761817556 0.4313200343 0.1)
(0.9243275527 0.8330422977 0.1)
(0.8683705238 0.8646733769 0.1)
(0.7349495614 0.8881013671 0.1)
(0.6019628079 0.7462816144 0.1)
(0.6294289364 0.776128047 0.1)
(0.5299911465 0.6616325514 0.1)
(0.1230790023 0.7572445149 0.1)
(0.1539836608 0.4256000166 0.1)
(0.1926051566 0.4589010061 0.1)
(0.2138703293 0.4122033977 0.1)
(0.03576554501 0.5964628647 0.1)
(0.3286711638 0.6741337169 0.1)
(0.2936683748 0.6414888203 0.1)
(0.420748845 0.7197243307 0.1)
(0.4028113745 0.6759140997 0.1)
(0.7600383221 0.4588013731 0.1)
(0.8182831042 0.4724104932 0.1)
(0.7785714286 0.4214285714 0.1)
(0.4380451241 0.443849014 0.1)
(0.4153018552 0.4866159677 0.1)
(0.3839006992 0.5043860969 0.1)
(0.3417727014 0.5325951154 0.1)
(0.4111444105 0.9294331095 0.1)
(0.3334731983 0.7868294245 0.1)
(0.3062925574 0.7606407031 0.1)
(0.1006883344 0.4413295676 0.1)
(0.1425368235 0.4795771792 0.1)
(0.1270576708 0.3905092194 0.1)
(0.3834257633 0.2707034855 0.1)
(0.4131932324 0.3008088542 0.1)
(0.4961153153 0.3141452541 0.1)
(0.5437824056 0.352649582 0.1)
(0.6861260874 0.241031056 0.1)
(0.706498501 0.2839107267 0.1)
(0.8474453086 0.2986160861 0.1)
(0.8628745195 0.3361476593 0.1)
(0.6124114823 0.6676584041 0.1)
(0.6255825737 0.707774798 0.1)
(0.5634077557 0.75535113 0.1)
(0.4955033341 0.2707487096 0.1)
(0.537797449 0.4490223091 0.1)
(0.4815291565 0.4633910922 0.1)
(0.5885635946 0.5661301704 0.1)
(0.5586103958 0.5112593156 0.1)
(0.7981218482 0.8144055779 0.1)
(0.8424984928 0.8159942651 0.1)
(0.1925945575 0.8362745085 0.1)
(0.1932499554 0.7736983588 0.1)
(0.1552691392 0.7835371091 0.1)
(0.0481616499 0.8504689824 0.1)
(0.61837377 0.5303268654 0.1)
(0.6519637017 0.5859356839 0.1)
(0.7505249574 0.6535457327 0.1)
(0.1420795197 0.5348914938 0.1)
(0.1390325284 0.5831483113 0.1)
(0.3883844439 0.452450254 0.1)
(0.3549700302 0.4871004991 0.1)
(0.3429389253 0.3527194165 0.1)
(0.3181830875 0.3936118534 0.1)
(0.2671034412 0.776108982 0.1)
(0.3921458532 0.6048593103 0.1)
(0.2791415083 0.5420416783 0.1)
(0.5475096165 0.792318177 0.1)
(0.590478239 0.8101195597 0.1)
(0.7898349328 0.3027713201 0.1)
(0.6779936473 0.7842367964 0.1)
(0.230949199 0.7567026245 0.1)
(0.2017730101 0.8889180315 0.1)
(0.3137377866 0.8998558609 0.1)
(0.4833959934 0.6594161019 0.1)
(0.4705551808 0.7033186538 0.1)
(0.4584470234 0.8601975677 0.1)
(0.4351624501 0.6352232029 0.1)
(0.2371986341 0.6554459396 0.1)
(0.2637134332 0.6153739966 0.1)
(0.2234695078 0.5403707337 0.1)
(0.1863732177 0.5090869174 0.1)
(0.8475325175 0.6167493394 0.1)
(0.8106465308 0.6194475184 0.1)
(0.3731246423 0.6490552737 0.1)
(0.3891965974 0.749073724 0.1)
(0.715466728 0.6743114813 0.1)
(0.7288454121 0.7196764869 0.1)
(0.6983934603 0.411317896 0.1)
(0.7394650535 0.4170224723 0.1)
(0.641037555 0.353245475 0.1)
(0.6046510927 0.4740502078 0.1)
(0.0954692746 0.5452079209 0.1)
(0.4163192149 0.3996468688 0.1)
(0.4497729468 0.3423842337 0.1)
(0.3668256103 0.3974944257 0.1)
(0.3418851546 0.440001902 0.1)
(0.6393234973 0.9261268192 0.1)
(0.4358414711 0.587942093 0.1)
(0.5091117716 0.4953154356 0.1)
(0.157257863 0.3252000452 0.1)
(0.09725905296 0.296154449 0.1)
(0.9034086667 0.3096177761 0.1)
(0.6729647214 0.2780909651 0.1)
(0.3851403677 0.2354489029 0.1)
(0.3971044461 0.3470977967 0.1)
(0.4954782217 0.8370113658 0.1)
(0.3580132149 0.8258178605 0.1)
(0.8153884853 0.8583917944 0.1)
(0.1725980392 0.3725980392 0.1)
(0.5879639172 0.3280366017 0.1)
(0.2403895227 0.8633431907 0.1)
(0.2688266354 0.8995043322 0.1)
(0.7628472048 0.7351661012 0.1)
(0.8330494292 0.8922002218 0.1)
(0.777686897 0.7700717205 0.1)
(0.814724659 0.5239160479 0.1)
(0.8221417379 0.4242797009 0.1)
(0.9149977887 0.2359536408 0.1)
(0.839213227 0.6604224939 0.1)
(0.4572421413 0.7426409305 0.1)
(0.245741845 0.5736370784 0.1)
(0.1953440395 0.6629192974 0.1)
(0.5053166905 0.7968804233 0.1)
(0.5186933539 0.6204523902 0.1)
(0.7428430378 0.3002154622 0.1)
(0.4815575861 0.5290720018 0.1)
(0.08137151691 0.5906161293 0.1)
(0.2297535738 0.9157992129 0.1)
(0.7098624923 0.5678094754 0.1)
(0.8207096026 0.2701749981 0.1)
(0.9240826451 0.2717163114 0.1)
(0.438330512 0.6787085335 0.1)
)


// ************************************************************************* //
