/*--------------------------------*- C++ -*----------------------------------*\
| =========                 |                                                 |
| \\      /  F ield         | OpenFOAM: The Open Source CFD Toolbox           |
|  \\    /   O peration     | Version:  2.4.x                                 |
|   \\  /    A nd           | Web:      www.OpenFOAM.org                      |
|    \\/     M anipulation  |                                                 |
\*---------------------------------------------------------------------------*/
FoamFile
{
    version     2.0;
    format      ascii;
    class       labelList;
    note        "nPoints: 10222 nCells: 4500 nFaces: 18610 nInternalFaces: 8390";
    location    "constant/polyMesh";
    object      neighbour;
}
// * * * * * * * * * * * * * * * * * * * * * * * * * * * * * * * * * * * * * //


8390
(
1
300
2
301
3
302
4
303
5
304
6
305
7
306
8
307
9
308
10
309
11
310
12
311
13
312
14
313
15
314
16
315
17
316
18
317
19
318
20
319
21
320
22
321
23
322
24
323
25
324
26
325
27
326
28
327
29
328
30
329
31
330
32
331
33
332
34
333
35
334
36
335
37
336
38
337
39
338
40
339
41
340
42
341
43
342
44
343
45
344
46
345
47
346
48
347
49
348
50
349
51
350
52
351
53
352
54
353
55
354
56
355
57
356
58
357
59
358
60
359
61
360
62
361
63
362
64
363
65
364
66
365
67
366
68
367
69
368
70
369
71
370
72
371
73
372
74
373
75
374
76
375
77
376
78
377
79
378
80
379
81
380
82
381
83
382
84
383
85
384
86
385
87
386
88
387
89
388
90
389
91
390
92
391
93
392
94
393
95
394
96
395
97
396
98
397
99
398
100
399
101
400
102
401
103
402
104
403
105
404
106
405
107
406
108
407
109
408
110
409
111
410
112
411
113
412
114
413
115
414
116
415
117
416
118
417
119
418
120
419
121
420
122
421
123
422
124
423
125
424
126
425
127
426
128
427
129
428
130
429
131
430
132
431
133
432
134
433
135
434
136
435
137
436
138
437
139
438
140
439
141
440
142
441
143
442
144
443
145
444
146
445
147
446
148
447
149
448
150
449
151
450
152
451
153
452
154
453
155
454
156
455
157
456
158
457
159
458
160
459
161
460
162
461
163
462
164
463
165
464
166
465
167
466
168
467
169
468
170
469
171
470
172
471
173
472
174
473
175
474
176
475
177
476
178
477
179
478
180
479
181
480
182
481
183
482
184
483
185
484
186
485
187
486
188
487
189
488
190
489
191
490
192
491
193
492
194
493
195
494
196
495
197
496
198
497
199
498
200
499
201
500
202
501
203
502
204
503
205
504
206
505
207
506
208
507
209
508
210
509
211
510
212
511
213
512
214
513
215
514
216
515
217
516
218
517
219
518
220
519
221
520
222
521
223
522
224
523
225
524
226
525
227
526
228
527
229
528
230
529
231
530
232
531
233
532
234
533
235
534
236
535
237
536
238
537
239
538
240
539
241
540
242
541
243
542
244
543
245
544
246
545
247
546
248
547
249
548
250
549
251
550
252
551
253
552
254
553
255
554
256
555
257
556
258
557
259
558
260
559
261
560
262
561
263
562
264
563
265
564
266
565
267
566
268
567
269
568
270
569
271
570
272
571
273
572
274
573
275
574
276
575
277
576
278
577
279
578
280
579
281
580
282
581
283
582
284
583
285
584
286
585
287
586
288
587
289
588
290
589
291
590
292
591
293
592
294
593
295
594
296
595
297
596
298
597
299
598
599
1500
301
600
302
601
303
602
304
603
305
604
306
605
307
606
308
607
309
608
310
609
311
610
312
611
313
612
314
613
315
614
316
615
317
616
318
617
319
618
320
619
321
620
322
621
323
622
324
623
325
624
326
625
327
626
328
627
329
628
330
629
331
630
332
631
333
632
334
633
335
634
336
635
337
636
338
637
339
638
340
639
341
640
342
641
343
642
344
643
345
644
346
645
347
646
348
647
349
648
350
649
351
650
352
651
353
652
354
653
355
654
356
655
357
656
358
657
359
658
360
659
361
660
362
661
363
662
364
663
365
664
366
665
367
666
368
667
369
668
370
669
371
670
372
671
373
672
374
673
375
674
376
675
377
676
378
677
379
678
380
679
381
680
382
681
383
682
384
683
385
684
386
685
387
686
388
687
389
688
390
689
391
690
392
691
393
692
394
693
395
694
396
695
397
696
398
697
399
698
400
699
401
700
402
701
403
702
404
703
405
704
406
705
407
706
408
707
409
708
410
709
411
710
412
711
413
712
414
713
415
714
416
715
417
716
418
717
419
718
420
719
421
720
422
721
423
722
424
723
425
724
426
725
427
726
428
727
429
728
430
729
431
730
432
731
433
732
434
733
435
734
436
735
437
736
438
737
439
738
440
739
441
740
442
741
443
742
444
743
445
744
446
745
447
746
448
747
449
748
450
749
451
750
452
751
453
752
454
753
455
754
456
755
457
756
458
757
459
758
460
759
461
760
462
761
463
762
464
763
465
764
466
765
467
766
468
767
469
768
470
769
471
770
472
771
473
772
474
773
475
774
476
775
477
776
478
777
479
778
480
779
481
780
482
781
483
782
484
783
485
784
486
785
487
786
488
787
489
788
490
789
491
790
492
791
493
792
494
793
495
794
496
795
497
796
498
797
499
798
500
799
501
800
502
801
503
802
504
803
505
804
506
805
507
806
508
807
509
808
510
809
511
810
512
811
513
812
514
813
515
814
516
815
517
816
518
817
519
818
520
819
521
820
522
821
523
822
524
823
525
824
526
825
527
826
528
827
529
828
530
829
531
830
532
831
533
832
534
833
535
834
536
835
537
836
538
837
539
838
540
839
541
840
542
841
543
842
544
843
545
844
546
845
547
846
548
847
549
848
550
849
551
850
552
851
553
852
554
853
555
854
556
855
557
856
558
857
559
858
560
859
561
860
562
861
563
862
564
863
565
864
566
865
567
866
568
867
569
868
570
869
571
870
572
871
573
872
574
873
575
874
576
875
577
876
578
877
579
878
580
879
581
880
582
881
583
882
584
883
585
884
586
885
587
886
588
887
589
888
590
889
591
890
592
891
593
892
594
893
595
894
596
895
597
896
598
897
599
898
899
1800
601
900
602
901
603
902
604
903
605
904
606
905
607
906
608
907
609
908
610
909
611
910
612
911
613
912
614
913
615
914
616
915
617
916
618
917
619
918
620
919
621
920
622
921
623
922
624
923
625
924
626
925
627
926
628
927
629
928
630
929
631
930
632
931
633
932
634
933
635
934
636
935
637
936
638
937
639
938
640
939
641
940
642
941
643
942
644
943
645
944
646
945
647
946
648
947
649
948
650
949
651
950
652
951
653
952
654
953
655
954
656
955
657
956
658
957
659
958
660
959
661
960
662
961
663
962
664
963
665
964
666
965
667
966
668
967
669
968
670
969
671
970
672
971
673
972
674
973
675
974
676
975
677
976
678
977
679
978
680
979
681
980
682
981
683
982
684
983
685
984
686
985
687
986
688
987
689
988
690
989
691
990
692
991
693
992
694
993
695
994
696
995
697
996
698
997
699
998
700
999
701
1000
702
1001
703
1002
704
1003
705
1004
706
1005
707
1006
708
1007
709
1008
710
1009
711
1010
712
1011
713
1012
714
1013
715
1014
716
1015
717
1016
718
1017
719
1018
720
1019
721
1020
722
1021
723
1022
724
1023
725
1024
726
1025
727
1026
728
1027
729
1028
730
1029
731
1030
732
1031
733
1032
734
1033
735
1034
736
1035
737
1036
738
1037
739
1038
740
1039
741
1040
742
1041
743
1042
744
1043
745
1044
746
1045
747
1046
748
1047
749
1048
750
1049
751
1050
752
1051
753
1052
754
1053
755
1054
756
1055
757
1056
758
1057
759
1058
760
1059
761
1060
762
1061
763
1062
764
1063
765
1064
766
1065
767
1066
768
1067
769
1068
770
1069
771
1070
772
1071
773
1072
774
1073
775
1074
776
1075
777
1076
778
1077
779
1078
780
1079
781
1080
782
1081
783
1082
784
1083
785
1084
786
1085
787
1086
788
1087
789
1088
790
1089
791
1090
792
1091
793
1092
794
1093
795
1094
796
1095
797
1096
798
1097
799
1098
800
1099
801
1100
802
1101
803
1102
804
1103
805
1104
806
1105
807
1106
808
1107
809
1108
810
1109
811
1110
812
1111
813
1112
814
1113
815
1114
816
1115
817
1116
818
1117
819
1118
820
1119
821
1120
822
1121
823
1122
824
1123
825
1124
826
1125
827
1126
828
1127
829
1128
830
1129
831
1130
832
1131
833
1132
834
1133
835
1134
836
1135
837
1136
838
1137
839
1138
840
1139
841
1140
842
1141
843
1142
844
1143
845
1144
846
1145
847
1146
848
1147
849
1148
850
1149
851
1150
852
1151
853
1152
854
1153
855
1154
856
1155
857
1156
858
1157
859
1158
860
1159
861
1160
862
1161
863
1162
864
1163
865
1164
866
1165
867
1166
868
1167
869
1168
870
1169
871
1170
872
1171
873
1172
874
1173
875
1174
876
1175
877
1176
878
1177
879
1178
880
1179
881
1180
882
1181
883
1182
884
1183
885
1184
886
1185
887
1186
888
1187
889
1188
890
1189
891
1190
892
1191
893
1192
894
1193
895
1194
896
1195
897
1196
898
1197
899
1198
1199
2100
901
1200
902
1201
903
1202
904
1203
905
1204
906
1205
907
1206
908
1207
909
1208
910
1209
911
1210
912
1211
913
1212
914
1213
915
1214
916
1215
917
1216
918
1217
919
1218
920
1219
921
1220
922
1221
923
1222
924
1223
925
1224
926
1225
927
1226
928
1227
929
1228
930
1229
931
1230
932
1231
933
1232
934
1233
935
1234
936
1235
937
1236
938
1237
939
1238
940
1239
941
1240
942
1241
943
1242
944
1243
945
1244
946
1245
947
1246
948
1247
949
1248
950
1249
951
1250
952
1251
953
1252
954
1253
955
1254
956
1255
957
1256
958
1257
959
1258
960
1259
961
1260
962
1261
963
1262
964
1263
965
1264
966
1265
967
1266
968
1267
969
1268
970
1269
971
1270
972
1271
973
1272
974
1273
975
1274
976
1275
977
1276
978
1277
979
1278
980
1279
981
1280
982
1281
983
1282
984
1283
985
1284
986
1285
987
1286
988
1287
989
1288
990
1289
991
1290
992
1291
993
1292
994
1293
995
1294
996
1295
997
1296
998
1297
999
1298
1000
1299
1001
1300
1002
1301
1003
1302
1004
1303
1005
1304
1006
1305
1007
1306
1008
1307
1009
1308
1010
1309
1011
1310
1012
1311
1013
1312
1014
1313
1015
1314
1016
1315
1017
1316
1018
1317
1019
1318
1020
1319
1021
1320
1022
1321
1023
1322
1024
1323
1025
1324
1026
1325
1027
1326
1028
1327
1029
1328
1030
1329
1031
1330
1032
1331
1033
1332
1034
1333
1035
1334
1036
1335
1037
1336
1038
1337
1039
1338
1040
1339
1041
1340
1042
1341
1043
1342
1044
1343
1045
1344
1046
1345
1047
1346
1048
1347
1049
1348
1050
1349
1051
1350
1052
1351
1053
1352
1054
1353
1055
1354
1056
1355
1057
1356
1058
1357
1059
1358
1060
1359
1061
1360
1062
1361
1063
1362
1064
1363
1065
1364
1066
1365
1067
1366
1068
1367
1069
1368
1070
1369
1071
1370
1072
1371
1073
1372
1074
1373
1075
1374
1076
1375
1077
1376
1078
1377
1079
1378
1080
1379
1081
1380
1082
1381
1083
1382
1084
1383
1085
1384
1086
1385
1087
1386
1088
1387
1089
1388
1090
1389
1091
1390
1092
1391
1093
1392
1094
1393
1095
1394
1096
1395
1097
1396
1098
1397
1099
1398
1100
1399
1101
1400
1102
1401
1103
1402
1104
1403
1105
1404
1106
1405
1107
1406
1108
1407
1109
1408
1110
1409
1111
1410
1112
1411
1113
1412
1114
1413
1115
1414
1116
1415
1117
1416
1118
1417
1119
1418
1120
1419
1121
1420
1122
1421
1123
1422
1124
1423
1125
1424
1126
1425
1127
1426
1128
1427
1129
1428
1130
1429
1131
1430
1132
1431
1133
1432
1134
1433
1135
1434
1136
1435
1137
1436
1138
1437
1139
1438
1140
1439
1141
1440
1142
1441
1143
1442
1144
1443
1145
1444
1146
1445
1147
1446
1148
1447
1149
1448
1150
1449
1151
1450
1152
1451
1153
1452
1154
1453
1155
1454
1156
1455
1157
1456
1158
1457
1159
1458
1160
1459
1161
1460
1162
1461
1163
1462
1164
1463
1165
1464
1166
1465
1167
1466
1168
1467
1169
1468
1170
1469
1171
1470
1172
1471
1173
1472
1174
1473
1175
1474
1176
1475
1177
1476
1178
1477
1179
1478
1180
1479
1181
1480
1182
1481
1183
1482
1184
1483
1185
1484
1186
1485
1187
1486
1188
1487
1189
1488
1190
1489
1191
1490
1192
1491
1193
1492
1194
1493
1195
1494
1196
1495
1197
1496
1198
1497
1199
1498
1499
2400
1201
1202
1203
1204
1205
1206
1207
1208
1209
1210
1211
1212
1213
1214
1215
1216
1217
1218
1219
1220
1221
1222
1223
1224
1225
1226
1227
1228
1229
1230
1231
1232
1233
1234
1235
1236
1237
1238
1239
1240
1241
1242
1243
1244
1245
1246
1247
1248
1249
1250
1251
1252
1253
1254
1255
1256
1257
1258
1259
1260
1261
1262
1263
1264
1265
1266
1267
1268
1269
1270
1271
1272
1273
1274
1275
1276
1277
1278
1279
1280
1281
1282
1283
1284
1285
1286
1287
1288
1289
1290
1291
1292
1293
1294
1295
1296
1297
1298
1299
1300
1301
1302
1303
1304
1305
1306
1307
1308
1309
1310
1311
1312
1313
1314
1315
1316
1317
1318
1319
1320
1321
1322
1323
1324
1325
1326
1327
1328
1329
1330
1331
1332
1333
1334
1335
1336
1337
1338
1339
1340
1341
1342
1343
1344
1345
1346
1347
1348
1349
1350
1351
1352
1353
1354
1355
1356
1357
1358
1359
1360
1361
1362
1363
1364
1365
1366
1367
1368
1369
1370
1371
1372
1373
1374
1375
1376
1377
1378
1379
1380
1381
1382
1383
1384
1385
1386
1387
1388
1389
1390
1391
1392
1393
1394
1395
1396
1397
1398
1399
1400
1401
1402
1403
1404
1405
1406
1407
1408
1409
1410
1411
1412
1413
1414
1415
1416
1417
1418
1419
1420
1421
1422
1423
1424
1425
1426
1427
1428
1429
1430
1431
1432
1433
1434
1435
1436
1437
1438
1439
1440
1441
1442
1443
1444
1445
1446
1447
1448
1449
1450
1451
1452
1453
1454
1455
1456
1457
1458
1459
1460
1461
1462
1463
1464
1465
1466
1467
1468
1469
1470
1471
1472
1473
1474
1475
1476
1477
1478
1479
1480
1481
1482
1483
1484
1485
1486
1487
1488
1489
1490
1491
1492
1493
1494
1495
1496
1497
1498
1499
2700
1501
1800
4200
1502
1801
4201
1503
1802
4202
1504
1803
4203
1505
1804
4204
1506
1805
4205
1507
1806
4206
1508
1807
4207
1509
1808
4208
1510
1809
4209
1511
1810
4210
1512
1811
4211
1513
1812
4212
1514
1813
4213
1515
1814
4214
1516
1815
4215
1517
1816
4216
1518
1817
4217
1519
1818
4218
1520
1819
4219
1521
1820
4220
1522
1821
4221
1523
1822
4222
1524
1823
4223
1525
1824
4224
1526
1825
4225
1527
1826
4226
1528
1827
4227
1529
1828
4228
1530
1829
4229
1531
1830
4230
1532
1831
4231
1533
1832
4232
1534
1833
4233
1535
1834
4234
1536
1835
4235
1537
1836
4236
1538
1837
4237
1539
1838
4238
1540
1839
4239
1541
1840
4240
1542
1841
4241
1543
1842
4242
1544
1843
4243
1545
1844
4244
1546
1845
4245
1547
1846
4246
1548
1847
4247
1549
1848
4248
1550
1849
4249
1551
1850
4250
1552
1851
4251
1553
1852
4252
1554
1853
4253
1555
1854
4254
1556
1855
4255
1557
1856
4256
1558
1857
4257
1559
1858
4258
1560
1859
4259
1561
1860
4260
1562
1861
4261
1563
1862
4262
1564
1863
4263
1565
1864
4264
1566
1865
4265
1567
1866
4266
1568
1867
4267
1569
1868
4268
1570
1869
4269
1571
1870
4270
1572
1871
4271
1573
1872
4272
1574
1873
4273
1575
1874
4274
1576
1875
4275
1577
1876
4276
1578
1877
4277
1579
1878
4278
1580
1879
4279
1581
1880
4280
1582
1881
4281
1583
1882
4282
1584
1883
4283
1585
1884
4284
1586
1885
4285
1587
1886
4286
1588
1887
4287
1589
1888
4288
1590
1889
4289
1591
1890
4290
1592
1891
4291
1593
1892
4292
1594
1893
4293
1595
1894
4294
1596
1895
4295
1597
1896
4296
1598
1897
4297
1599
1898
4298
1600
1899
4299
1601
1900
4300
1602
1901
4301
1603
1902
4302
1604
1903
4303
1605
1904
4304
1606
1905
4305
1607
1906
4306
1608
1907
4307
1609
1908
4308
1610
1909
4309
1611
1910
4310
1612
1911
4311
1613
1912
4312
1614
1913
4313
1615
1914
4314
1616
1915
4315
1617
1916
4316
1618
1917
4317
1619
1918
4318
1620
1919
4319
1621
1920
4320
1622
1921
4321
1623
1922
4322
1624
1923
4323
1625
1924
4324
1626
1925
4325
1627
1926
4326
1628
1927
4327
1629
1928
4328
1630
1929
4329
1631
1930
4330
1632
1931
4331
1633
1932
4332
1634
1933
4333
1635
1934
4334
1636
1935
4335
1637
1936
4336
1638
1937
4337
1639
1938
4338
1640
1939
4339
1641
1940
4340
1642
1941
4341
1643
1942
4342
1644
1943
4343
1645
1944
4344
1646
1945
4345
1647
1946
4346
1648
1947
4347
1649
1948
4348
1650
1949
4349
1651
1950
4350
1652
1951
4351
1653
1952
4352
1654
1953
4353
1655
1954
4354
1656
1955
4355
1657
1956
4356
1658
1957
4357
1659
1958
4358
1660
1959
4359
1661
1960
4360
1662
1961
4361
1663
1962
4362
1664
1963
4363
1665
1964
4364
1666
1965
4365
1667
1966
4366
1668
1967
4367
1669
1968
4368
1670
1969
4369
1671
1970
4370
1672
1971
4371
1673
1972
4372
1674
1973
4373
1675
1974
4374
1676
1975
4375
1677
1976
4376
1678
1977
4377
1679
1978
4378
1680
1979
4379
1681
1980
4380
1682
1981
4381
1683
1982
4382
1684
1983
4383
1685
1984
4384
1686
1985
4385
1687
1986
4386
1688
1987
4387
1689
1988
4388
1690
1989
4389
1691
1990
4390
1692
1991
4391
1693
1992
4392
1694
1993
4393
1695
1994
4394
1696
1995
4395
1697
1996
4396
1698
1997
4397
1699
1998
4398
1700
1999
4399
1701
2000
4400
1702
2001
4401
1703
2002
4402
1704
2003
4403
1705
2004
4404
1706
2005
4405
1707
2006
4406
1708
2007
4407
1709
2008
4408
1710
2009
4409
1711
2010
4410
1712
2011
4411
1713
2012
4412
1714
2013
4413
1715
2014
4414
1716
2015
4415
1717
2016
4416
1718
2017
4417
1719
2018
4418
1720
2019
4419
1721
2020
4420
1722
2021
4421
1723
2022
4422
1724
2023
4423
1725
2024
4424
1726
2025
4425
1727
2026
4426
1728
2027
4427
1729
2028
4428
1730
2029
4429
1731
2030
4430
1732
2031
4431
1733
2032
4432
1734
2033
4433
1735
2034
4434
1736
2035
4435
1737
2036
4436
1738
2037
4437
1739
2038
4438
1740
2039
4439
1741
2040
4440
1742
2041
4441
1743
2042
4442
1744
2043
4443
1745
2044
4444
1746
2045
4445
1747
2046
4446
1748
2047
4447
1749
2048
4448
1750
2049
4449
1751
2050
4450
1752
2051
4451
1753
2052
4452
1754
2053
4453
1755
2054
4454
1756
2055
4455
1757
2056
4456
1758
2057
4457
1759
2058
4458
1760
2059
4459
1761
2060
4460
1762
2061
4461
1763
2062
4462
1764
2063
4463
1765
2064
4464
1766
2065
4465
1767
2066
4466
1768
2067
4467
1769
2068
4468
1770
2069
4469
1771
2070
4470
1772
2071
4471
1773
2072
4472
1774
2073
4473
1775
2074
4474
1776
2075
4475
1777
2076
4476
1778
2077
4477
1779
2078
4478
1780
2079
4479
1781
2080
4480
1782
2081
4481
1783
2082
4482
1784
2083
4483
1785
2084
4484
1786
2085
4485
1787
2086
4486
1788
2087
4487
1789
2088
4488
1790
2089
4489
1791
2090
4490
1792
2091
4491
1793
2092
4492
1794
2093
4493
1795
2094
4494
1796
2095
4495
1797
2096
4496
1798
2097
4497
1799
2098
4498
2099
4499
1801
2100
1802
2101
1803
2102
1804
2103
1805
2104
1806
2105
1807
2106
1808
2107
1809
2108
1810
2109
1811
2110
1812
2111
1813
2112
1814
2113
1815
2114
1816
2115
1817
2116
1818
2117
1819
2118
1820
2119
1821
2120
1822
2121
1823
2122
1824
2123
1825
2124
1826
2125
1827
2126
1828
2127
1829
2128
1830
2129
1831
2130
1832
2131
1833
2132
1834
2133
1835
2134
1836
2135
1837
2136
1838
2137
1839
2138
1840
2139
1841
2140
1842
2141
1843
2142
1844
2143
1845
2144
1846
2145
1847
2146
1848
2147
1849
2148
1850
2149
1851
2150
1852
2151
1853
2152
1854
2153
1855
2154
1856
2155
1857
2156
1858
2157
1859
2158
1860
2159
1861
2160
1862
2161
1863
2162
1864
2163
1865
2164
1866
2165
1867
2166
1868
2167
1869
2168
1870
2169
1871
2170
1872
2171
1873
2172
1874
2173
1875
2174
1876
2175
1877
2176
1878
2177
1879
2178
1880
2179
1881
2180
1882
2181
1883
2182
1884
2183
1885
2184
1886
2185
1887
2186
1888
2187
1889
2188
1890
2189
1891
2190
1892
2191
1893
2192
1894
2193
1895
2194
1896
2195
1897
2196
1898
2197
1899
2198
1900
2199
1901
2200
1902
2201
1903
2202
1904
2203
1905
2204
1906
2205
1907
2206
1908
2207
1909
2208
1910
2209
1911
2210
1912
2211
1913
2212
1914
2213
1915
2214
1916
2215
1917
2216
1918
2217
1919
2218
1920
2219
1921
2220
1922
2221
1923
2222
1924
2223
1925
2224
1926
2225
1927
2226
1928
2227
1929
2228
1930
2229
1931
2230
1932
2231
1933
2232
1934
2233
1935
2234
1936
2235
1937
2236
1938
2237
1939
2238
1940
2239
1941
2240
1942
2241
1943
2242
1944
2243
1945
2244
1946
2245
1947
2246
1948
2247
1949
2248
1950
2249
1951
2250
1952
2251
1953
2252
1954
2253
1955
2254
1956
2255
1957
2256
1958
2257
1959
2258
1960
2259
1961
2260
1962
2261
1963
2262
1964
2263
1965
2264
1966
2265
1967
2266
1968
2267
1969
2268
1970
2269
1971
2270
1972
2271
1973
2272
1974
2273
1975
2274
1976
2275
1977
2276
1978
2277
1979
2278
1980
2279
1981
2280
1982
2281
1983
2282
1984
2283
1985
2284
1986
2285
1987
2286
1988
2287
1989
2288
1990
2289
1991
2290
1992
2291
1993
2292
1994
2293
1995
2294
1996
2295
1997
2296
1998
2297
1999
2298
2000
2299
2001
2300
2002
2301
2003
2302
2004
2303
2005
2304
2006
2305
2007
2306
2008
2307
2009
2308
2010
2309
2011
2310
2012
2311
2013
2312
2014
2313
2015
2314
2016
2315
2017
2316
2018
2317
2019
2318
2020
2319
2021
2320
2022
2321
2023
2322
2024
2323
2025
2324
2026
2325
2027
2326
2028
2327
2029
2328
2030
2329
2031
2330
2032
2331
2033
2332
2034
2333
2035
2334
2036
2335
2037
2336
2038
2337
2039
2338
2040
2339
2041
2340
2042
2341
2043
2342
2044
2343
2045
2344
2046
2345
2047
2346
2048
2347
2049
2348
2050
2349
2051
2350
2052
2351
2053
2352
2054
2353
2055
2354
2056
2355
2057
2356
2058
2357
2059
2358
2060
2359
2061
2360
2062
2361
2063
2362
2064
2363
2065
2364
2066
2365
2067
2366
2068
2367
2069
2368
2070
2369
2071
2370
2072
2371
2073
2372
2074
2373
2075
2374
2076
2375
2077
2376
2078
2377
2079
2378
2080
2379
2081
2380
2082
2381
2083
2382
2084
2383
2085
2384
2086
2385
2087
2386
2088
2387
2089
2388
2090
2389
2091
2390
2092
2391
2093
2392
2094
2393
2095
2394
2096
2395
2097
2396
2098
2397
2099
2398
2399
2101
2400
2102
2401
2103
2402
2104
2403
2105
2404
2106
2405
2107
2406
2108
2407
2109
2408
2110
2409
2111
2410
2112
2411
2113
2412
2114
2413
2115
2414
2116
2415
2117
2416
2118
2417
2119
2418
2120
2419
2121
2420
2122
2421
2123
2422
2124
2423
2125
2424
2126
2425
2127
2426
2128
2427
2129
2428
2130
2429
2131
2430
2132
2431
2133
2432
2134
2433
2135
2434
2136
2435
2137
2436
2138
2437
2139
2438
2140
2439
2141
2440
2142
2441
2143
2442
2144
2443
2145
2444
2146
2445
2147
2446
2148
2447
2149
2448
2150
2449
2151
2450
2152
2451
2153
2452
2154
2453
2155
2454
2156
2455
2157
2456
2158
2457
2159
2458
2160
2459
2161
2460
2162
2461
2163
2462
2164
2463
2165
2464
2166
2465
2167
2466
2168
2467
2169
2468
2170
2469
2171
2470
2172
2471
2173
2472
2174
2473
2175
2474
2176
2475
2177
2476
2178
2477
2179
2478
2180
2479
2181
2480
2182
2481
2183
2482
2184
2483
2185
2484
2186
2485
2187
2486
2188
2487
2189
2488
2190
2489
2191
2490
2192
2491
2193
2492
2194
2493
2195
2494
2196
2495
2197
2496
2198
2497
2199
2498
2200
2499
2201
2500
2202
2501
2203
2502
2204
2503
2205
2504
2206
2505
2207
2506
2208
2507
2209
2508
2210
2509
2211
2510
2212
2511
2213
2512
2214
2513
2215
2514
2216
2515
2217
2516
2218
2517
2219
2518
2220
2519
2221
2520
2222
2521
2223
2522
2224
2523
2225
2524
2226
2525
2227
2526
2228
2527
2229
2528
2230
2529
2231
2530
2232
2531
2233
2532
2234
2533
2235
2534
2236
2535
2237
2536
2238
2537
2239
2538
2240
2539
2241
2540
2242
2541
2243
2542
2244
2543
2245
2544
2246
2545
2247
2546
2248
2547
2249
2548
2250
2549
2251
2550
2252
2551
2253
2552
2254
2553
2255
2554
2256
2555
2257
2556
2258
2557
2259
2558
2260
2559
2261
2560
2262
2561
2263
2562
2264
2563
2265
2564
2266
2565
2267
2566
2268
2567
2269
2568
2270
2569
2271
2570
2272
2571
2273
2572
2274
2573
2275
2574
2276
2575
2277
2576
2278
2577
2279
2578
2280
2579
2281
2580
2282
2581
2283
2582
2284
2583
2285
2584
2286
2585
2287
2586
2288
2587
2289
2588
2290
2589
2291
2590
2292
2591
2293
2592
2294
2593
2295
2594
2296
2595
2297
2596
2298
2597
2299
2598
2300
2599
2301
2600
2302
2601
2303
2602
2304
2603
2305
2604
2306
2605
2307
2606
2308
2607
2309
2608
2310
2609
2311
2610
2312
2611
2313
2612
2314
2613
2315
2614
2316
2615
2317
2616
2318
2617
2319
2618
2320
2619
2321
2620
2322
2621
2323
2622
2324
2623
2325
2624
2326
2625
2327
2626
2328
2627
2329
2628
2330
2629
2331
2630
2332
2631
2333
2632
2334
2633
2335
2634
2336
2635
2337
2636
2338
2637
2339
2638
2340
2639
2341
2640
2342
2641
2343
2642
2344
2643
2345
2644
2346
2645
2347
2646
2348
2647
2349
2648
2350
2649
2351
2650
2352
2651
2353
2652
2354
2653
2355
2654
2356
2655
2357
2656
2358
2657
2359
2658
2360
2659
2361
2660
2362
2661
2363
2662
2364
2663
2365
2664
2366
2665
2367
2666
2368
2667
2369
2668
2370
2669
2371
2670
2372
2671
2373
2672
2374
2673
2375
2674
2376
2675
2377
2676
2378
2677
2379
2678
2380
2679
2381
2680
2382
2681
2383
2682
2384
2683
2385
2684
2386
2685
2387
2686
2388
2687
2389
2688
2390
2689
2391
2690
2392
2691
2393
2692
2394
2693
2395
2694
2396
2695
2397
2696
2398
2697
2399
2698
2699
2401
2700
2402
2701
2403
2702
2404
2703
2405
2704
2406
2705
2407
2706
2408
2707
2409
2708
2410
2709
2411
2710
2412
2711
2413
2712
2414
2713
2415
2714
2416
2715
2417
2716
2418
2717
2419
2718
2420
2719
2421
2720
2422
2721
2423
2722
2424
2723
2425
2724
2426
2725
2427
2726
2428
2727
2429
2728
2430
2729
2431
2730
2432
2731
2433
2732
2434
2733
2435
2734
2436
2735
2437
2736
2438
2737
2439
2738
2440
2739
2441
2740
2442
2741
2443
2742
2444
2743
2445
2744
2446
2745
2447
2746
2448
2747
2449
2748
2450
2749
2451
2750
2452
2751
2453
2752
2454
2753
2455
2754
2456
2755
2457
2756
2458
2757
2459
2758
2460
2759
2461
2760
2462
2761
2463
2762
2464
2763
2465
2764
2466
2765
2467
2766
2468
2767
2469
2768
2470
2769
2471
2770
2472
2771
2473
2772
2474
2773
2475
2774
2476
2775
2477
2776
2478
2777
2479
2778
2480
2779
2481
2780
2482
2781
2483
2782
2484
2783
2485
2784
2486
2785
2487
2786
2488
2787
2489
2788
2490
2789
2491
2790
2492
2791
2493
2792
2494
2793
2495
2794
2496
2795
2497
2796
2498
2797
2499
2798
2500
2799
2501
2800
2502
2801
2503
2802
2504
2803
2505
2804
2506
2805
2507
2806
2508
2807
2509
2808
2510
2809
2511
2810
2512
2811
2513
2812
2514
2813
2515
2814
2516
2815
2517
2816
2518
2817
2519
2818
2520
2819
2521
2820
2522
2821
2523
2822
2524
2823
2525
2824
2526
2825
2527
2826
2528
2827
2529
2828
2530
2829
2531
2830
2532
2831
2533
2832
2534
2833
2535
2834
2536
2835
2537
2836
2538
2837
2539
2838
2540
2839
2541
2840
2542
2841
2543
2842
2544
2843
2545
2844
2546
2845
2547
2846
2548
2847
2549
2848
2550
2849
2551
2850
2552
2851
2553
2852
2554
2853
2555
2854
2556
2855
2557
2856
2558
2857
2559
2858
2560
2859
2561
2860
2562
2861
2563
2862
2564
2863
2565
2864
2566
2865
2567
2866
2568
2867
2569
2868
2570
2869
2571
2870
2572
2871
2573
2872
2574
2873
2575
2874
2576
2875
2577
2876
2578
2877
2579
2878
2580
2879
2581
2880
2582
2881
2583
2882
2584
2883
2585
2884
2586
2885
2587
2886
2588
2887
2589
2888
2590
2889
2591
2890
2592
2891
2593
2892
2594
2893
2595
2894
2596
2895
2597
2896
2598
2897
2599
2898
2600
2899
2601
2900
2602
2901
2603
2902
2604
2903
2605
2904
2606
2905
2607
2906
2608
2907
2609
2908
2610
2909
2611
2910
2612
2911
2613
2912
2614
2913
2615
2914
2616
2915
2617
2916
2618
2917
2619
2918
2620
2919
2621
2920
2622
2921
2623
2922
2624
2923
2625
2924
2626
2925
2627
2926
2628
2927
2629
2928
2630
2929
2631
2930
2632
2931
2633
2932
2634
2933
2635
2934
2636
2935
2637
2936
2638
2937
2639
2938
2640
2939
2641
2940
2642
2941
2643
2942
2644
2943
2645
2944
2646
2945
2647
2946
2648
2947
2649
2948
2650
2949
2651
2950
2652
2951
2653
2952
2654
2953
2655
2954
2656
2955
2657
2956
2658
2957
2659
2958
2660
2959
2661
2960
2662
2961
2663
2962
2664
2963
2665
2964
2666
2965
2667
2966
2668
2967
2669
2968
2670
2969
2671
2970
2672
2971
2673
2972
2674
2973
2675
2974
2676
2975
2677
2976
2678
2977
2679
2978
2680
2979
2681
2980
2682
2981
2683
2982
2684
2983
2685
2984
2686
2985
2687
2986
2688
2987
2689
2988
2690
2989
2691
2990
2692
2991
2693
2992
2694
2993
2695
2994
2696
2995
2697
2996
2698
2997
2699
2998
2999
2701
2702
2703
2704
2705
2706
2707
2708
2709
2710
2711
2712
2713
2714
2715
2716
2717
2718
2719
2720
2721
2722
2723
2724
2725
2726
2727
2728
2729
2730
2731
2732
2733
2734
2735
2736
2737
2738
2739
2740
2741
2742
2743
2744
2745
2746
2747
2748
2749
2750
2751
2752
2753
2754
2755
2756
2757
2758
2759
2760
2761
2762
2763
2764
2765
2766
2767
2768
2769
2770
2771
2772
2773
2774
2775
2776
2777
2778
2779
2780
2781
2782
2783
2784
2785
2786
2787
2788
2789
2790
2791
2792
2793
2794
2795
2796
2797
2798
2799
2800
2801
2802
2803
2804
2805
2806
2807
2808
2809
2810
2811
2812
2813
2814
2815
2816
2817
2818
2819
2820
2821
2822
2823
2824
2825
2826
2827
2828
2829
2830
2831
2832
2833
2834
2835
2836
2837
2838
2839
2840
2841
2842
2843
2844
2845
2846
2847
2848
2849
2850
2851
2852
2853
2854
2855
2856
2857
2858
2859
2860
2861
2862
2863
2864
2865
2866
2867
2868
2869
2870
2871
2872
2873
2874
2875
2876
2877
2878
2879
2880
2881
2882
2883
2884
2885
2886
2887
2888
2889
2890
2891
2892
2893
2894
2895
2896
2897
2898
2899
2900
2901
2902
2903
2904
2905
2906
2907
2908
2909
2910
2911
2912
2913
2914
2915
2916
2917
2918
2919
2920
2921
2922
2923
2924
2925
2926
2927
2928
2929
2930
2931
2932
2933
2934
2935
2936
2937
2938
2939
2940
2941
2942
2943
2944
2945
2946
2947
2948
2949
2950
2951
2952
2953
2954
2955
2956
2957
2958
2959
2960
2961
2962
2963
2964
2965
2966
2967
2968
2969
2970
2971
2972
2973
2974
2975
2976
2977
2978
2979
2980
2981
2982
2983
2984
2985
2986
2987
2988
2989
2990
2991
2992
2993
2994
2995
2996
2997
2998
2999
3001
3300
3002
3301
3003
3302
3004
3303
3005
3304
3006
3305
3007
3306
3008
3307
3009
3308
3010
3309
3011
3310
3012
3311
3013
3312
3014
3313
3015
3314
3016
3315
3017
3316
3018
3317
3019
3318
3020
3319
3021
3320
3022
3321
3023
3322
3024
3323
3025
3324
3026
3325
3027
3326
3028
3327
3029
3328
3030
3329
3031
3330
3032
3331
3033
3332
3034
3333
3035
3334
3036
3335
3037
3336
3038
3337
3039
3338
3040
3339
3041
3340
3042
3341
3043
3342
3044
3343
3045
3344
3046
3345
3047
3346
3048
3347
3049
3348
3050
3349
3051
3350
3052
3351
3053
3352
3054
3353
3055
3354
3056
3355
3057
3356
3058
3357
3059
3358
3060
3359
3061
3360
3062
3361
3063
3362
3064
3363
3065
3364
3066
3365
3067
3366
3068
3367
3069
3368
3070
3369
3071
3370
3072
3371
3073
3372
3074
3373
3075
3374
3076
3375
3077
3376
3078
3377
3079
3378
3080
3379
3081
3380
3082
3381
3083
3382
3084
3383
3085
3384
3086
3385
3087
3386
3088
3387
3089
3388
3090
3389
3091
3390
3092
3391
3093
3392
3094
3393
3095
3394
3096
3395
3097
3396
3098
3397
3099
3398
3100
3399
3101
3400
3102
3401
3103
3402
3104
3403
3105
3404
3106
3405
3107
3406
3108
3407
3109
3408
3110
3409
3111
3410
3112
3411
3113
3412
3114
3413
3115
3414
3116
3415
3117
3416
3118
3417
3119
3418
3120
3419
3121
3420
3122
3421
3123
3422
3124
3423
3125
3424
3126
3425
3127
3426
3128
3427
3129
3428
3130
3429
3131
3430
3132
3431
3133
3432
3134
3433
3135
3434
3136
3435
3137
3436
3138
3437
3139
3438
3140
3439
3141
3440
3142
3441
3143
3442
3144
3443
3145
3444
3146
3445
3147
3446
3148
3447
3149
3448
3150
3449
3151
3450
3152
3451
3153
3452
3154
3453
3155
3454
3156
3455
3157
3456
3158
3457
3159
3458
3160
3459
3161
3460
3162
3461
3163
3462
3164
3463
3165
3464
3166
3465
3167
3466
3168
3467
3169
3468
3170
3469
3171
3470
3172
3471
3173
3472
3174
3473
3175
3474
3176
3475
3177
3476
3178
3477
3179
3478
3180
3479
3181
3480
3182
3481
3183
3482
3184
3483
3185
3484
3186
3485
3187
3486
3188
3487
3189
3488
3190
3489
3191
3490
3192
3491
3193
3492
3194
3493
3195
3494
3196
3495
3197
3496
3198
3497
3199
3498
3200
3499
3201
3500
3202
3501
3203
3502
3204
3503
3205
3504
3206
3505
3207
3506
3208
3507
3209
3508
3210
3509
3211
3510
3212
3511
3213
3512
3214
3513
3215
3514
3216
3515
3217
3516
3218
3517
3219
3518
3220
3519
3221
3520
3222
3521
3223
3522
3224
3523
3225
3524
3226
3525
3227
3526
3228
3527
3229
3528
3230
3529
3231
3530
3232
3531
3233
3532
3234
3533
3235
3534
3236
3535
3237
3536
3238
3537
3239
3538
3240
3539
3241
3540
3242
3541
3243
3542
3244
3543
3245
3544
3246
3545
3247
3546
3248
3547
3249
3548
3250
3549
3251
3550
3252
3551
3253
3552
3254
3553
3255
3554
3256
3555
3257
3556
3258
3557
3259
3558
3260
3559
3261
3560
3262
3561
3263
3562
3264
3563
3265
3564
3266
3565
3267
3566
3268
3567
3269
3568
3270
3569
3271
3570
3272
3571
3273
3572
3274
3573
3275
3574
3276
3575
3277
3576
3278
3577
3279
3578
3280
3579
3281
3580
3282
3581
3283
3582
3284
3583
3285
3584
3286
3585
3287
3586
3288
3587
3289
3588
3290
3589
3291
3590
3292
3591
3293
3592
3294
3593
3295
3594
3296
3595
3297
3596
3298
3597
3299
3598
3599
3301
3600
3302
3601
3303
3602
3304
3603
3305
3604
3306
3605
3307
3606
3308
3607
3309
3608
3310
3609
3311
3610
3312
3611
3313
3612
3314
3613
3315
3614
3316
3615
3317
3616
3318
3617
3319
3618
3320
3619
3321
3620
3322
3621
3323
3622
3324
3623
3325
3624
3326
3625
3327
3626
3328
3627
3329
3628
3330
3629
3331
3630
3332
3631
3333
3632
3334
3633
3335
3634
3336
3635
3337
3636
3338
3637
3339
3638
3340
3639
3341
3640
3342
3641
3343
3642
3344
3643
3345
3644
3346
3645
3347
3646
3348
3647
3349
3648
3350
3649
3351
3650
3352
3651
3353
3652
3354
3653
3355
3654
3356
3655
3357
3656
3358
3657
3359
3658
3360
3659
3361
3660
3362
3661
3363
3662
3364
3663
3365
3664
3366
3665
3367
3666
3368
3667
3369
3668
3370
3669
3371
3670
3372
3671
3373
3672
3374
3673
3375
3674
3376
3675
3377
3676
3378
3677
3379
3678
3380
3679
3381
3680
3382
3681
3383
3682
3384
3683
3385
3684
3386
3685
3387
3686
3388
3687
3389
3688
3390
3689
3391
3690
3392
3691
3393
3692
3394
3693
3395
3694
3396
3695
3397
3696
3398
3697
3399
3698
3400
3699
3401
3700
3402
3701
3403
3702
3404
3703
3405
3704
3406
3705
3407
3706
3408
3707
3409
3708
3410
3709
3411
3710
3412
3711
3413
3712
3414
3713
3415
3714
3416
3715
3417
3716
3418
3717
3419
3718
3420
3719
3421
3720
3422
3721
3423
3722
3424
3723
3425
3724
3426
3725
3427
3726
3428
3727
3429
3728
3430
3729
3431
3730
3432
3731
3433
3732
3434
3733
3435
3734
3436
3735
3437
3736
3438
3737
3439
3738
3440
3739
3441
3740
3442
3741
3443
3742
3444
3743
3445
3744
3446
3745
3447
3746
3448
3747
3449
3748
3450
3749
3451
3750
3452
3751
3453
3752
3454
3753
3455
3754
3456
3755
3457
3756
3458
3757
3459
3758
3460
3759
3461
3760
3462
3761
3463
3762
3464
3763
3465
3764
3466
3765
3467
3766
3468
3767
3469
3768
3470
3769
3471
3770
3472
3771
3473
3772
3474
3773
3475
3774
3476
3775
3477
3776
3478
3777
3479
3778
3480
3779
3481
3780
3482
3781
3483
3782
3484
3783
3485
3784
3486
3785
3487
3786
3488
3787
3489
3788
3490
3789
3491
3790
3492
3791
3493
3792
3494
3793
3495
3794
3496
3795
3497
3796
3498
3797
3499
3798
3500
3799
3501
3800
3502
3801
3503
3802
3504
3803
3505
3804
3506
3805
3507
3806
3508
3807
3509
3808
3510
3809
3511
3810
3512
3811
3513
3812
3514
3813
3515
3814
3516
3815
3517
3816
3518
3817
3519
3818
3520
3819
3521
3820
3522
3821
3523
3822
3524
3823
3525
3824
3526
3825
3527
3826
3528
3827
3529
3828
3530
3829
3531
3830
3532
3831
3533
3832
3534
3833
3535
3834
3536
3835
3537
3836
3538
3837
3539
3838
3540
3839
3541
3840
3542
3841
3543
3842
3544
3843
3545
3844
3546
3845
3547
3846
3548
3847
3549
3848
3550
3849
3551
3850
3552
3851
3553
3852
3554
3853
3555
3854
3556
3855
3557
3856
3558
3857
3559
3858
3560
3859
3561
3860
3562
3861
3563
3862
3564
3863
3565
3864
3566
3865
3567
3866
3568
3867
3569
3868
3570
3869
3571
3870
3572
3871
3573
3872
3574
3873
3575
3874
3576
3875
3577
3876
3578
3877
3579
3878
3580
3879
3581
3880
3582
3881
3583
3882
3584
3883
3585
3884
3586
3885
3587
3886
3588
3887
3589
3888
3590
3889
3591
3890
3592
3891
3593
3892
3594
3893
3595
3894
3596
3895
3597
3896
3598
3897
3599
3898
3899
3601
3900
3602
3901
3603
3902
3604
3903
3605
3904
3606
3905
3607
3906
3608
3907
3609
3908
3610
3909
3611
3910
3612
3911
3613
3912
3614
3913
3615
3914
3616
3915
3617
3916
3618
3917
3619
3918
3620
3919
3621
3920
3622
3921
3623
3922
3624
3923
3625
3924
3626
3925
3627
3926
3628
3927
3629
3928
3630
3929
3631
3930
3632
3931
3633
3932
3634
3933
3635
3934
3636
3935
3637
3936
3638
3937
3639
3938
3640
3939
3641
3940
3642
3941
3643
3942
3644
3943
3645
3944
3646
3945
3647
3946
3648
3947
3649
3948
3650
3949
3651
3950
3652
3951
3653
3952
3654
3953
3655
3954
3656
3955
3657
3956
3658
3957
3659
3958
3660
3959
3661
3960
3662
3961
3663
3962
3664
3963
3665
3964
3666
3965
3667
3966
3668
3967
3669
3968
3670
3969
3671
3970
3672
3971
3673
3972
3674
3973
3675
3974
3676
3975
3677
3976
3678
3977
3679
3978
3680
3979
3681
3980
3682
3981
3683
3982
3684
3983
3685
3984
3686
3985
3687
3986
3688
3987
3689
3988
3690
3989
3691
3990
3692
3991
3693
3992
3694
3993
3695
3994
3696
3995
3697
3996
3698
3997
3699
3998
3700
3999
3701
4000
3702
4001
3703
4002
3704
4003
3705
4004
3706
4005
3707
4006
3708
4007
3709
4008
3710
4009
3711
4010
3712
4011
3713
4012
3714
4013
3715
4014
3716
4015
3717
4016
3718
4017
3719
4018
3720
4019
3721
4020
3722
4021
3723
4022
3724
4023
3725
4024
3726
4025
3727
4026
3728
4027
3729
4028
3730
4029
3731
4030
3732
4031
3733
4032
3734
4033
3735
4034
3736
4035
3737
4036
3738
4037
3739
4038
3740
4039
3741
4040
3742
4041
3743
4042
3744
4043
3745
4044
3746
4045
3747
4046
3748
4047
3749
4048
3750
4049
3751
4050
3752
4051
3753
4052
3754
4053
3755
4054
3756
4055
3757
4056
3758
4057
3759
4058
3760
4059
3761
4060
3762
4061
3763
4062
3764
4063
3765
4064
3766
4065
3767
4066
3768
4067
3769
4068
3770
4069
3771
4070
3772
4071
3773
4072
3774
4073
3775
4074
3776
4075
3777
4076
3778
4077
3779
4078
3780
4079
3781
4080
3782
4081
3783
4082
3784
4083
3785
4084
3786
4085
3787
4086
3788
4087
3789
4088
3790
4089
3791
4090
3792
4091
3793
4092
3794
4093
3795
4094
3796
4095
3797
4096
3798
4097
3799
4098
3800
4099
3801
4100
3802
4101
3803
4102
3804
4103
3805
4104
3806
4105
3807
4106
3808
4107
3809
4108
3810
4109
3811
4110
3812
4111
3813
4112
3814
4113
3815
4114
3816
4115
3817
4116
3818
4117
3819
4118
3820
4119
3821
4120
3822
4121
3823
4122
3824
4123
3825
4124
3826
4125
3827
4126
3828
4127
3829
4128
3830
4129
3831
4130
3832
4131
3833
4132
3834
4133
3835
4134
3836
4135
3837
4136
3838
4137
3839
4138
3840
4139
3841
4140
3842
4141
3843
4142
3844
4143
3845
4144
3846
4145
3847
4146
3848
4147
3849
4148
3850
4149
3851
4150
3852
4151
3853
4152
3854
4153
3855
4154
3856
4155
3857
4156
3858
4157
3859
4158
3860
4159
3861
4160
3862
4161
3863
4162
3864
4163
3865
4164
3866
4165
3867
4166
3868
4167
3869
4168
3870
4169
3871
4170
3872
4171
3873
4172
3874
4173
3875
4174
3876
4175
3877
4176
3878
4177
3879
4178
3880
4179
3881
4180
3882
4181
3883
4182
3884
4183
3885
4184
3886
4185
3887
4186
3888
4187
3889
4188
3890
4189
3891
4190
3892
4191
3893
4192
3894
4193
3895
4194
3896
4195
3897
4196
3898
4197
3899
4198
4199
3901
4200
3902
4201
3903
4202
3904
4203
3905
4204
3906
4205
3907
4206
3908
4207
3909
4208
3910
4209
3911
4210
3912
4211
3913
4212
3914
4213
3915
4214
3916
4215
3917
4216
3918
4217
3919
4218
3920
4219
3921
4220
3922
4221
3923
4222
3924
4223
3925
4224
3926
4225
3927
4226
3928
4227
3929
4228
3930
4229
3931
4230
3932
4231
3933
4232
3934
4233
3935
4234
3936
4235
3937
4236
3938
4237
3939
4238
3940
4239
3941
4240
3942
4241
3943
4242
3944
4243
3945
4244
3946
4245
3947
4246
3948
4247
3949
4248
3950
4249
3951
4250
3952
4251
3953
4252
3954
4253
3955
4254
3956
4255
3957
4256
3958
4257
3959
4258
3960
4259
3961
4260
3962
4261
3963
4262
3964
4263
3965
4264
3966
4265
3967
4266
3968
4267
3969
4268
3970
4269
3971
4270
3972
4271
3973
4272
3974
4273
3975
4274
3976
4275
3977
4276
3978
4277
3979
4278
3980
4279
3981
4280
3982
4281
3983
4282
3984
4283
3985
4284
3986
4285
3987
4286
3988
4287
3989
4288
3990
4289
3991
4290
3992
4291
3993
4292
3994
4293
3995
4294
3996
4295
3997
4296
3998
4297
3999
4298
4000
4299
4001
4300
4002
4301
4003
4302
4004
4303
4005
4304
4006
4305
4007
4306
4008
4307
4009
4308
4010
4309
4011
4310
4012
4311
4013
4312
4014
4313
4015
4314
4016
4315
4017
4316
4018
4317
4019
4318
4020
4319
4021
4320
4022
4321
4023
4322
4024
4323
4025
4324
4026
4325
4027
4326
4028
4327
4029
4328
4030
4329
4031
4330
4032
4331
4033
4332
4034
4333
4035
4334
4036
4335
4037
4336
4038
4337
4039
4338
4040
4339
4041
4340
4042
4341
4043
4342
4044
4343
4045
4344
4046
4345
4047
4346
4048
4347
4049
4348
4050
4349
4051
4350
4052
4351
4053
4352
4054
4353
4055
4354
4056
4355
4057
4356
4058
4357
4059
4358
4060
4359
4061
4360
4062
4361
4063
4362
4064
4363
4065
4364
4066
4365
4067
4366
4068
4367
4069
4368
4070
4369
4071
4370
4072
4371
4073
4372
4074
4373
4075
4374
4076
4375
4077
4376
4078
4377
4079
4378
4080
4379
4081
4380
4082
4381
4083
4382
4084
4383
4085
4384
4086
4385
4087
4386
4088
4387
4089
4388
4090
4389
4091
4390
4092
4391
4093
4392
4094
4393
4095
4394
4096
4395
4097
4396
4098
4397
4099
4398
4100
4399
4101
4400
4102
4401
4103
4402
4104
4403
4105
4404
4106
4405
4107
4406
4108
4407
4109
4408
4110
4409
4111
4410
4112
4411
4113
4412
4114
4413
4115
4414
4116
4415
4117
4416
4118
4417
4119
4418
4120
4419
4121
4420
4122
4421
4123
4422
4124
4423
4125
4424
4126
4425
4127
4426
4128
4427
4129
4428
4130
4429
4131
4430
4132
4431
4133
4432
4134
4433
4135
4434
4136
4435
4137
4436
4138
4437
4139
4438
4140
4439
4141
4440
4142
4441
4143
4442
4144
4443
4145
4444
4146
4445
4147
4446
4148
4447
4149
4448
4150
4449
4151
4450
4152
4451
4153
4452
4154
4453
4155
4454
4156
4455
4157
4456
4158
4457
4159
4458
4160
4459
4161
4460
4162
4461
4163
4462
4164
4463
4165
4464
4166
4465
4167
4466
4168
4467
4169
4468
4170
4469
4171
4470
4172
4471
4173
4472
4174
4473
4175
4474
4176
4475
4177
4476
4178
4477
4179
4478
4180
4479
4181
4480
4182
4481
4183
4482
4184
4483
4185
4484
4186
4485
4187
4486
4188
4487
4189
4488
4190
4489
4191
4490
4192
4491
4193
4492
4194
4493
4195
4494
4196
4495
4197
4496
4198
4497
4199
4498
4499
4201
4202
4203
4204
4205
4206
4207
4208
4209
4210
4211
4212
4213
4214
4215
4216
4217
4218
4219
4220
4221
4222
4223
4224
4225
4226
4227
4228
4229
4230
4231
4232
4233
4234
4235
4236
4237
4238
4239
4240
4241
4242
4243
4244
4245
4246
4247
4248
4249
4250
4251
4252
4253
4254
4255
4256
4257
4258
4259
4260
4261
4262
4263
4264
4265
4266
4267
4268
4269
4270
4271
4272
4273
4274
4275
4276
4277
4278
4279
4280
4281
4282
4283
4284
4285
4286
4287
4288
4289
4290
4291
4292
4293
4294
4295
4296
4297
4298
4299
4300
4301
4302
4303
4304
4305
4306
4307
4308
4309
4310
4311
4312
4313
4314
4315
4316
4317
4318
4319
4320
4321
4322
4323
4324
4325
4326
4327
4328
4329
4330
4331
4332
4333
4334
4335
4336
4337
4338
4339
4340
4341
4342
4343
4344
4345
4346
4347
4348
4349
4350
4351
4352
4353
4354
4355
4356
4357
4358
4359
4360
4361
4362
4363
4364
4365
4366
4367
4368
4369
4370
4371
4372
4373
4374
4375
4376
4377
4378
4379
4380
4381
4382
4383
4384
4385
4386
4387
4388
4389
4390
4391
4392
4393
4394
4395
4396
4397
4398
4399
4400
4401
4402
4403
4404
4405
4406
4407
4408
4409
4410
4411
4412
4413
4414
4415
4416
4417
4418
4419
4420
4421
4422
4423
4424
4425
4426
4427
4428
4429
4430
4431
4432
4433
4434
4435
4436
4437
4438
4439
4440
4441
4442
4443
4444
4445
4446
4447
4448
4449
4450
4451
4452
4453
4454
4455
4456
4457
4458
4459
4460
4461
4462
4463
4464
4465
4466
4467
4468
4469
4470
4471
4472
4473
4474
4475
4476
4477
4478
4479
4480
4481
4482
4483
4484
4485
4486
4487
4488
4489
4490
4491
4492
4493
4494
4495
4496
4497
4498
4499
)


// ************************************************************************* //
